   1.00000
   1.00000
   0.90130
   0.70391
   0.41756
   0.06174
  -0.33529
  -0.73841
  -1.10845
  -1.40561
  -1.59336
  -1.64239
  -1.53416
  -1.26383
  -0.84209
  -0.29561
   0.33398
   0.99274
   1.61854
   2.14637
   2.51445
   2.67069
   2.57876
   2.22325
   1.61323
   0.78378
  -0.20489
  -1.27092
  -2.31672
  -3.23709
  -3.92881
  -4.30104
  -4.28551
  -3.84549
  -2.98250
  -1.73998
  -0.20310
   1.50552
   3.23417
   4.81424
   6.07511
   6.86083
   7.04696
   6.55596
   5.36945
   3.53589
   1.17239
  -1.54009
  -4.36828
  -7.04447
  -9.28953
 -10.83932
 -11.47228
 -11.03543
  -9.46632
  -6.80806
  -3.21550
   1.04898
   5.63082
  10.10913
  14.03170
  16.95654
  18.49650
  18.36293
  16.40382
  12.63236
   7.24191
   0.60470
  -6.74726
 -14.15891
 -20.90462
 -26.25291
 -29.53799
 -30.23202
 -28.01076
 -22.80572
 -14.83613
  -4.61571
   7.06898
  19.20923
  30.65179
  40.19848
  46.71995
  49.27400
  47.21697
  40.29680
  28.71649
  13.15905
  -5.23259
 -24.92298
 -44.09694
 -60.81109
 -73.17305
 -79.53320
 -78.67145
 -69.96010
 -53.48418
 -30.10348
  -1.44410
  30.18637
  61.95937
  90.75310
 113.43168
 127.15328
 129.67963
 119.65646
  96.83441
  62.20275
  18.01392
 -32.31408
 -84.41999
-133.33662
-173.92133
-201.34625
-211.60582
-201.99331
-171.49614
-121.06303
 -53.70393
  25.60360
 110.21151
